% Starting 50 city co-ordinates for the Traveling Salesman Problem.
y=[11.6 37.3 12.4 13.7 17.6 18.7 20 18 9 13 0 23 18.8 18.8 20.6 18 17.2 9.5 23.3 17.9 21.2...
    21.7 23.9 11.3 17.6 25.6 19.8 18.2 22.2 19.2 14.7 21.7 14.8 27.8 18.9 14.5 23.9 19.3 20.8...
    13 23.4 15.2 9.3 19.8 23.3 16.5 26 17.3 22.1 20.1]
x=[70.7 22.6 44.9 64.7 35.5 53 85 82 73 73 0 41 67.3 70.9 63.4 61.3 72.1 65.9 87.3 80.5 86 72.5...
    63.9 66.8 64.8 45 60.3 37.2 85.5 82.2 51 83.2 78.4 56.2 74 59.5 34 80.1 85.6 76 56.7 70.2...
    59.2 45.1 84.4 79.5 34.1 75.4 67.6 52.2]